Ж09: С2 93 85 87 81 88 82 77 78 80 91 111 Ф1
Ж10: С2 94 92 85 76 71 70 73 78 80 83 84 91 111 Ф1
Ж11: С2 92 70 71 76 77 78 82 87 88 90 91 94 100 Ф1
Ж12: С2 92 70 71 76 77 78 82 87 88 90 91 94 100 Ф1
Ж13: С2 77 52 53 54 55 56 57 59 62 63 70 71 73 74 81 83 84 85 88 100 Ф1
Ж14: С2 77 52 53 54 55 56 57 59 62 63 70 71 73 74 81 83 84 85 88 100 Ф1
Ж16: С1 62 37 38 41 42 44 45 46 47 49 50 51 53 56 57 58 59 60 63 67 70 71 73 77 84 88 100 Ф1
Ж18: С1 41 37 38 39 40 42 43 44 45 46 47 48 49 50 52 53 54 55 57 58 60 62 64 67 70 71 73 77 78 83 88 100 Ф1
Ж20: С1 61 31 32 33 34 35 36 37 38 40 42 44 45 47 48 49 51 52 55 56 57 59 64 71 72 85 88 91 95 100 Ф1
Ж21: С1 61 31 32 33 34 35 36 37 38 40 42 44 45 47 48 49 51 52 55 56 57 59 64 71 72 85 88 91 95 100 Ф1
Ж35: С1 61 31 32 33 34 35 36 37 38 40 42 44 45 47 48 49 51 52 55 56 57 59 64 71 72 85 88 91 95 100 Ф1
Ж45: С1 41 37 38 39 40 42 43 44 45 46 47 48 49 50 52 53 54 55 57 58 60 62 64 67 70 71 73 77 78 83 88 100 Ф1
Ж55: С1 62 37 38 41 42 44 45 46 47 49 50 51 53 56 57 58 59 60 63 67 70 71 73 77 84 88 100 Ф1
Ж65: С1 76 31 32 37 38 39 40 46 50 55 56 57 58 59 63 64 71 73 77 88 91 92 94 100 Ф1
Ж75: С2 87 31 32 37 38 39 41 57 58 59 62 71 72 84 88 95 100 Ф1
Ж80: С2 87 31 32 37 38 39 41 57 58 59 62 71 72 84 88 95 100 Ф1
Ж85: С2 87 31 32 37 38 39 41 57 58 59 62 71 72 84 88 95 100 Ф1
М09: С2 93 85 87 81 88 82 77 78 80 91 111 Ф1
М10: С2 94 92 85 76 71 70 73 78 80 83 84 91 111 Ф1
М11: С2 88 70 71 76 77 80 83 87 90 91 92 94 100 Ф1
М12: С2 82 62 63 65 70 71 73 76 77 83 84 85 90 92 94 100 Ф1
М13: С1 81 31 32 52 53 54 55 56 57 58 62 63 64 67 71 72 74 83 84 85 88 92 94 100 Ф1
М14: С1 76 31 32 37 38 39 40 46 50 55 56 57 58 59 63 64 71 73 77 88 91 92 94 100 Ф1
М16: С1 41 37 38 39 40 44 46 47 48 49 51 52 55 56 57 60 62 64 71 73 76 83 87 100 Ф1
М18: С1 42 31 32 35 36 37 38 40 43 44 45 47 49 51 52 55 56 57 60 62 63 64 67 71 72 76 83 84 85 88 95 100 Ф1
М20: С1 43 31 32 33 34 35 36 37 38 40 42 44 45 47 48 49 51 52 55 56 57 60 62 63 64 67 71 72 81 83 85 88 91 95 100 Ф1
М21: С1 43 31 32 33 34 35 36 37 38 40 42 44 45 47 48 49 51 52 55 56 57 60 62 63 64 67 71 72 81 83 85 88 91 95 100 Ф1
М35: С1 43 31 32 33 34 35 36 37 38 40 42 44 45 47 48 49 51 52 55 56 57 60 62 63 64 67 71 72 81 83 85 88 91 95 100 Ф1
М45: С1 42 31 32 35 36 37 38 40 43 44 45 47 49 51 52 55 56 57 60 62 63 64 67 71 72 76 83 84 85 88 95 100 Ф1
М55: С1 41 37 38 39 40 42 43 44 45 46 47 48 49 50 52 53 54 55 57 58 60 62 64 67 70 71 73 77 78 83 88 100 Ф1
М65: С1 62 37 38 41 42 44 45 46 47 49 50 51 53 56 57 58 59 60 63 67 70 71 73 77 84 88 100 Ф1
М75: С2 87 31 32 37 38 39 41 57 58 59 62 71 72 84 88 95 100 Ф1
М80: С2 87 31 32 37 38 39 41 57 58 59 62 71 72 84 88 95 100 Ф1
М85: С2 87 31 32 37 38 39 41 57 58 59 62 71 72 84 88 95 100 Ф1
